0.0105555
0.0139663
0.0183156
0.0238069
0.0306708
0.0391639
0.0495663
0.0621765
0.0773047
0.0952633
0.116355
0.140858
0.169013
0.201001
0.236928
0.276804
0.320531
0.367879
0.418486
0.471842
0.527292
0.584045
0.64118
0.697676
0.752432
0.804304
0.852144
0.894839
0.931358
0.960789
0.982379
0.995565
1
0.995565
0.982379
0.960789
0.931358
0.894839
0.852144
0.804304
0.752432
0.697676
0.64118
0.584045
0.527292
0.471842
0.418486
0.367879
0.320531
0.276804
0.236928
0.201001
0.169013
0.140858
0.116355
0.0952633
0.0773047
0.0621765
0.0495663
0.0391639
0.0306708
0.0238069
0.0183156
0.0139663
0.0105555
0.00790705
0.00587072
0.00432024
0.00315111
0.00227803
0.00163228
0.00115923
0.000815988
0.000569295
0.000393669
0.000269814
0.000183289
0.00012341
8.23572e-05
5.44745e-05
3.57128e-05
2.32057e-05
1.49453e-05
9.54016e-06
6.03595e-06
3.78508e-06
2.35258e-06
1.44928e-06
8.84912e-07
5.35535e-07
3.21229e-07
1.90977e-07
1.12535e-07
6.57256e-08
3.8047e-08
2.18296e-08
1.2414e-08
6.99705e-09
3.90894e-09
2.16442e-09
1.18786e-09
6.46143e-10
3.48362e-10
1.86154e-10
9.85951e-11
5.17579e-11
2.69301e-11
1.38879e-11
7.09869e-12
3.59632e-12
1.80583e-12
8.98744e-13
4.43338e-13
2.16757e-13
1.05039e-13
5.04508e-14
2.40173e-14
1.13324e-14
5.29978e-15
2.4566e-15
1.12862e-15
5.1393e-16
2.31952e-16
1.03761e-16
4.60052e-17
2.02172e-17
8.80589e-18
3.80159e-18
1.62666e-18
6.89874e-19
2.89989e-19
1.20818e-19
4.98911e-20
2.04199e-20
8.28368e-21
3.33068e-21
1.32734e-21
5.24289e-22
2.05257e-22
7.96465e-23
3.06319e-23
1.16767e-23
4.41172e-24
1.65209e-24
6.13197e-25
2.25583e-25
8.22528e-26
2.97259e-26
1.06478e-26
3.78028e-27
1.33023e-27
4.63949e-28
1.60381e-28
5.4951e-29
1.86611e-29
6.28115e-30
2.09546e-30
6.92885e-31
2.27081e-31
7.37635e-32
2.37488e-32
7.57845e-33
2.39695e-33
7.51411e-34
2.33472e-34
7.19007e-35
2.19467e-35
6.63968e-36
1.99096e-36
5.91724e-37
1.74307e-37
5.08921e-38
1.47274e-38
4.22415e-39
1.20086e-39
3.38366e-40
9.44975e-41
2.61573e-41
7.17639e-42
1.95145e-42
5.25956e-43
1.40501e-43
3.72008e-44
9.76253e-45
2.53929e-45
6.54639e-46
1.67275e-46
4.23643e-47
1.06343e-47
2.6458e-48
6.52446e-49
1.59467e-49
3.86313e-50
9.27567e-51
2.20745e-51
5.20688e-52
1.21731e-52
2.82077e-53
6.47847e-54
1.47474e-54
3.32736e-55
7.44087e-56
1.64925e-56
3.62317e-57
7.88917e-58
1.7026e-58
3.64195e-59
7.72139e-60
1.62254e-60
3.37937e-61
6.97616e-62
1.42737e-62
2.89464e-63
5.81826e-64
1.15913e-64
2.28881e-65
4.47947e-66
8.68928e-67
1.67063e-67
3.18359e-68
6.01302e-69
1.12566e-69
2.08864e-70
3.84112e-71
7.00152e-72
1.26493e-72
2.26506e-73
4.02006e-74
7.07172e-75
1.23298e-75
2.13074e-76
3.64956e-77
6.19572e-78
1.04252e-78
1.73865e-79
2.87398e-80
4.70861e-81
7.64613e-82
1.23064e-82
1.96317e-83
3.10404e-84
4.86446e-85
7.55582e-86
1.16324e-86
1.77499e-87
2.68448e-88
4.02408e-89
5.97876e-90
8.80433e-91
1.28505e-91
1.85902e-92
2.66556e-93
3.78819e-94
5.33598e-95
7.44966e-96
1.03086e-96
1.41384e-97
1.92195e-98
2.58954e-99
3.45814e-100
4.57723e-101
6.00486e-102
7.80804e-103
1.00628e-103
1.2854e-104
1.62741e-105
2.04218e-106
2.53999e-107
3.13119e-108
3.82583e-109
4.63321e-110
5.56131e-111
6.61626e-112
7.80167e-113
9.11805e-114
1.05622e-114
1.21269e-115
1.38001e-116
1.55653e-117
1.74008e-118
1.92806e-119
2.11745e-120
2.30486e-121
2.48665e-122
2.65904e-123
2.81822e-124
2.9605e-125
3.08244e-126
3.181e-127
3.25366e-128
3.29853e-129
3.31443e-130
3.30093e-131
3.25839e-132
3.18793e-133
3.0914e-134
2.97126e-135
2.83052e-136
2.67259e-137
2.50113e-138
2.31996e-139
